Pnumber	MeanLearnSpa1	BlocksinAdap	AdapSuccess	AvgExp	PretestScore	EnglishAoA	SRPEnglish	FreqEnglish	MeanLearnSpa2	Lextale	Group	Difference_Error	Difference_RT
701	100	4	0.978260869565217	8.8695652173913	0.521428571428571	12	5.5	88.75	1235.30434782609	68	Consolidation	0.0454545454545455	646.348504879329
702	100	3	0.978260869565217	8.43478260869565	0.521428571428571	8	6.25	55	1242.08695652174	92	Consolidation	-0.0434782608695652	547.85260682029
703	100	2	1	8	0.521428571428571	10	5.75	56.25	1343.47826086957	86	Consolidation	0.130434782608696	11.6688563683253
704	100	2	1	8	0.521428571428571	9	5.75	38.75	969.260869565217	88	Consolidation	0	-147.832277861512
705	100	4	0.91304347826087	8.8695652173913	0.521428571428571	12	7	61.25	1380.26086956522	66	Consolidation	0	-524.078720940416
706	91.304347826087	8	0.717391304347826	10.6086956521739	0.521428571428571	6	5.5	62.5	1263.52173913043	81	Consolidation	0.05	191.070483282546
707	95.6521739130435	7	0.782608695652174	10.1739130434783	0.521428571428571	11	5.25	65	2048.34782608696	80	Consolidation	0.05175983436853	73.5681766294213
708	91.304347826087	12	0.739130434782609	12.3478260869565	0.521428571428571	7	5	90	1466.95652173913	83	Consolidation	0	-269.165434983606
709	95.6521739130435	6	0.847826086956522	9.73913043478261	0.521428571428571	12	5.25	56.25	2206.73913043478	57	Consolidation	0.0476190476190476	1453.83423801876
710	95.6521739130435	3	0.978260869565217	8.43478260869565	0.521428571428571	12	5.75	55	2785.13043478261	85	Consolidation	0.0454545454545455	1582.23370964973
711	95.6521739130435	3	0.934782608695652	8.43478260869565	0.521428571428571	9	6.5	81.25	2092.65217391304	92	Consolidation	0.05	265.655244884036
712	86.9565217391304	4	0.891304347826087	8.8695652173913	0.521428571428571	12	4.75	23.75	3544.13043478261	62	Consolidation	0.0869565217391304	421.689174444065
713	100	9	0.804347826086957	11.0434782608696	0.521428571428571	10	6.25	103.75	1482.17391304348	82	Consolidation	0.0041407867494824	-20.0759471269893
714	100	4	0.934782608695652	8.8695652173913	0.521428571428571	14	4.75	42.5	1489.21739130435	67	Consolidation	-0.0434782608695652	855.955979113734
715	82.6086956521739	8	0.565217391304348	10.7391304347826	0.521428571428571	11	6.75	92.5	4559.86956521739	72	Consolidation	0	-96.4996334535305
716	100	8	0.695652173913043	10.6086956521739	0.521428571428571	10	6.25	60	3309.78260869565	75	Consolidation	0.166666666666667	1518.18902390275
717	100	2	1	8	0.521428571428571	12	5.75	10	836.478260869565	80	Consolidation	0.0454545454545455	27.0671551525249
718	91.304347826087	9	0.456521739130435	11.3913043478261	0.521428571428571	10	5.5	112.5	1847.21739130435	52	Consolidation	0.0625	963.740797376888
719	86.9565217391304	8	0.695652173913043	10.6086956521739	0.521428571428571	10	3.75	42.5	2972.47826086957	67	Consolidation	0.0815217391304348	NA
720	100	2	1	8	0.521428571428571	10	6	52.5	1861.60869565217	85	Consolidation	0.00197628458498024	2650.81267682907
721	100	2	1	8	0.521428571428571	10	5.25	33.5	7876.73913043478	82	Consolidation	0	-213.175724897859
722	95.6521739130435	2	1	8	0.521428571428571	11	6.25	136.75	910.869565217391	87	Consolidation	0	368.065622161666
724	100	4	0.91304347826087	8.8695652173913	0.521428571428571	11	6.75	48.75	2562.17391304348	88	Consolidation	0	70.6833897763719
725	95.6521739130435	4	0.956521739130435	8.8695652173913	0.521428571428571	10	6	22.5	2356.26086956522	60	Consolidation	0.0434782608695652	612.0749023132
726	100	8	0.91304347826087	10.6086956521739	0.521428571428571	13	4.75	55	1158.52173913043	63	NoConsolidation	0.0869565217391304	344.203713891289
727	91.304347826087	5	0.782608695652174	9.30434782608696	0.521428571428571	10	5.75	37.5	1048.17391304348	72	NoConsolidation	0	-256.820757390147
728	100	3	0.956521739130435	8.43478260869565	0.521428571428571	7	5.75	152	1150.60869565217	92	NoConsolidation	-0.0434782608695652	321.135933773451
729	95.6521739130435	5	0.847826086956522	9.30434782608696	0.521428571428571	12	4.5	22.5	1309.86956521739	71	NoConsolidation	0	-0.369834370942328
730	100	8	0.891304347826087	10.6086956521739	0.521428571428571	11	5.5	157.5	1163.26086956522	67	NoConsolidation	0	1778.52950516869
731	95.6521739130435	7	0.695652173913043	10.1739130434783	0.521428571428571	12	5.25	65	2357.21739130435	73	NoConsolidation	0	-357.027512968321
732	95.6521739130435	6	0.934782608695652	9.73913043478261	0.521428571428571	11	5.5	22.5	4869.69565217391	76	NoConsolidation	0.0952380952380952	1120.24823166713
734	91.304347826087	10	0.760869565217391	11.4782608695652	0.521428571428571	12	2.25	37.5	1076.4347826087	51	NoConsolidation	0	673.489867699065
735	91.304347826087	6	0.847826086956522	9.73913043478261	0.521428571428571	11	5.5	0	1527.73913043478	66	NoConsolidation	0.00652173913043479	-594.410824211379
736	95.6521739130435	3	0.91304347826087	8.43478260869565	0.521428571428571	10	5.25	138.75	1554.17391304348	66	NoConsolidation	0	NA
737	65.2173913043478	6	0.456521739130435	10.0869565217391	0.521428571428571	8	6	300	3741.04347826087	70	NoConsolidation	0	232.159078494408
738	91.304347826087	4	0.717391304347826	8.8695652173913	0.521428571428571	10	4.25	45	2996.30434782609	51	NoConsolidation	-0.0476190476190476	-354.459010357473
739	95.6521739130435	3	0.891304347826087	8.43478260869565	0.521428571428571	12	3.75	48.75	2286.21739130435	65	NoConsolidation	0.0434782608695652	37.7728488998467
740	100	2	1	8	0.521428571428571	14	4.5	71.25	1666.26086956522	73	NoConsolidation	0	-1225.63775688599
741	91.304347826087	6	0.673913043478261	9.73913043478261	0.521428571428571	14	6.25	48.75	1833.08695652174	83	NoConsolidation	0.142857142857143	403.455077222747
742	86.9565217391304	12	0.652173913043478	12.3478260869565	0.521428571428571	10	6	73.75	2219.21739130435	66	NoConsolidation	0.0454545454545455	645.070382481637
743	95.6521739130435	7	0.804347826086957	10.1739130434783	0.521428571428571	11	6	52.5	2127.60869565217	77	NoConsolidation	0.00652173913043479	590.174154308396
744	100	10	0.782608695652174	11.4782608695652	0.521428571428571	11	5.75	90	1412.17391304348	87	NoConsolidation	0.05	285.71494684652
745	95.6521739130435	2	1	8	0.521428571428571	10	5.5	101.25	1294.78260869565	92	NoConsolidation	0	NA
746	95.6521739130435	6	0.782608695652174	9.73913043478261	0.521428571428571	12	4.5	6	1100.69565217391	68	NoConsolidation	0.05	-136.424964798562
747	91.304347826087	10	0.760869565217391	11.4782608695652	0.521428571428571	10	6.25	75	1536.26086956522	80	NoConsolidation	0.05	-670.071171148313
748	95.6521739130435	3	0.956521739130435	8.43478260869565	0.521428571428571	12	6	35.5	1103.39130434783	86	NoConsolidation	-0.0434782608695652	929.262656524349
749	86.9565217391304	6	0.782608695652174	9.73913043478261	0.521428571428571	12	5.5	30	2563.60869565217	75	NoConsolidation	-0.0434782608695652	635.586709382292
750	100	4	0.934782608695652	8.8695652173913	0.521428571428571	10	4.5	15	1272.4347826087	83	NoConsolidation	-0.0434782608695652	-87.1075920434408
751	95.6521739130435	5	0.934782608695652	9.30434782608696	0.521428571428571	9	6.25	82.5	1271.95652173913	95	Consolidation	0.0909090909090909	89.2175395013737
752	100	3	0.934782608695652	8.43478260869565	0.521428571428571	11	6.25	127.5	2233.4347826087	78	NoConsolidation	0.00197628458498024	671.367102526918
753	100	5	0.847826086956522	9.30434782608696	0.521428571428571	12	6.25	32.5	1835.30434782609	75	Consolidation	-0.0434782608695652	-696.887008826496
754	100	2	1	8	0.521428571428571	12	5	15	965.95652173913	72	NoConsolidation	0	-378.722586131954
755	100	4	0.891304347826087	8.8695652173913	0.521428571428571	10	6	50	1560.5652173913	76	Consolidation	0.05	444.542283367174
756	100	2	1	8	0.521428571428571	10	5.25	67.5	725.652173913043	85	Consolidation	0	-75.3188116427062
757	100	2	1	8	0.521428571428571	9	6.25	75	884	73	Consolidation	0.0434782608695652	270.793274348743
758	100	11	0.673913043478261	12	0.521428571428571	10	4.5	30	1815.86956521739	51	Consolidation	0	-379.078429266166
759	95.6521739130435	23	0.5	17.3478260869565	0.521428571428571	12	5.25	25	1938.39130434783	71	Consolidation	0	-10.4816230418854
760	95.6521739130435	8	0.826086956521739	10.6086956521739	0.521428571428571	10	6	56.25	1241.95652173913	53	Consolidation	0.1	-110.063808750392
761	100	9	0.760869565217391	11.0434782608696	0.521428571428571	10	5	53.75	1356.60869565217	71	Consolidation	0	487.95106835978
762	100	9	0.804347826086957	11.0434782608696	0.521428571428571	13	4.25	83	1808.82608695652	83	Consolidation	-0.0434782608695652	593.474399033203
763	95.6521739130435	4	0.956521739130435	8.8695652173913	0.521428571428571	9	4.5	128.75	1403.4347826087	62	Consolidation	0	864.115875752059
764	100	16	0.58695652173913	14.1304347826087	0.521428571428571	11	5.5	87.5	1587.52173913043	67	Consolidation	-0.0454545454545455	-424.825064138281
765	95.6521739130435	4	0.826086956521739	8.8695652173913	0.521428571428571	12	6	150	1081	86	Consolidation	0	-123.160529445299
766	95.6521739130435	6	0.673913043478261	9.73913043478261	0.521428571428571	13	5.75	90	1636.65217391304	77	Consolidation	0	509.739354743068
767	95.6521739130435	5	0.91304347826087	9.30434782608696	0.521428571428571	10	5.25	95	1603.08695652174	55	Consolidation	0.0454545454545455	841.257987163117
768	100	5	0.91304347826087	9.30434782608696	0.521428571428571	12	5.25	77.5	1994.47826086957	66	Consolidation	-0.0434782608695652	-1769.30859291988
769	100	4	0.869565217391304	8.8695652173913	0.521428571428571	12	5	150	2399.91304347826	62	Consolidation	0	828.534950745465
771	100	2	1	8	0.521428571428571	10	6.5	75	1088.73913043478	83	NoConsolidation	0.05	292.219621551208
772	100	5	0.826086956521739	9.30434782608696	0.521428571428571	11	5.25	117.5	1064.4347826087	73	NoConsolidation	0	518.128422146951
773	100	17	0.5	14.7826086956522	0.521428571428571	12	5.75	90	2069.17391304348	70	NoConsolidation	0.05175983436853	196.052816358294
774	100	8	0.91304347826087	10.6086956521739	0.521428571428571	12	5.75	77.5	1151.78260869565	91	NoConsolidation	-0.0869565217391304	834.313559625323
776	95.6521739130435	9	0.847826086956522	11.0434782608696	0.521428571428571	10	4.75	42.5	1554.5652173913	48	NoConsolidation	-0.0434782608695652	NA
777	100	3	0.934782608695652	8.43478260869565	0.521428571428571	12	6	90	926.521739130435	72	NoConsolidation	0	69.8908475195795
778	91.304347826087	14	0.434782608695652	13.5217391304348	0.521428571428571	10	5.5	82.5	3282.17391304348	77	NoConsolidation	-0.0434782608695652	739.836758313609
779	86.9565217391304	5	0.826086956521739	9.30434782608696	0.521428571428571	8	5.25	42.5	1776.78260869565	86	NoConsolidation	0	1130.43893254926
780	100	4	0.934782608695652	8.8695652173913	0.521428571428571	12	5.75	15	1227.4347826087	73	NoConsolidation	0.0454545454545455	-220.634976246073
781	95.6521739130435	11	0.673913043478261	11.9130434782609	0.521428571428571	11	5.25	210	1926	77	NoConsolidation	0	665.933455739324
782	100	5	0.91304347826087	9.30434782608696	0.521428571428571	11	6.5	25	1003.39130434783	81	NoConsolidation	-0.0434782608695652	244.585887963145
783	91.304347826087	14	0.608695652173913	13.304347826087	0.521428571428571	12	4	64	1260.52173913043	52	NoConsolidation	0.0476190476190476	-540.579337555741
784	100	25	0.478260869565217	18.304347826087	0.521428571428571	12	2.5	32.5	686.695652173913	60	NoConsolidation	0.0909090909090909	415.975874343221
785	91.304347826087	9	0.739130434782609	11.0434782608696	0.521428571428571	8	6.5	63.75	1498.95652173913	81	NoConsolidation	0.0476190476190476	141.645218474723
787	100	8	0.847826086956522	10.6086956521739	0.521428571428571	8	6	33.75	1569.08695652174	63	NoConsolidation	0.0909090909090909	176.774705532595
601	100	16	0.630434782608696	14.0869565217391	0.902912621359223	10	5.25	88.75	1109.69565217391	83	Honours	0	243.706343846829
602	100	9	0.869565217391304	11.0434782608696	0.87378640776699	10	5	62.25	1103.52173913043	80	Honours	0	560.190753732351
603	95.6521739130435	5	0.91304347826087	9.30434782608696	0.893203883495146	8	6	90	2167.86956521739	86	Honours	0	38.0032198622704
604	100	NA	NA	NA	0.902912621359223	11	4.5	15	1809.91304347826	91	Honours	-0.0869565217391304	NA
608	86.9565217391304	24	0.41304347826087	17.9565217391304	0.805825242718447	9	6.75	48.75	1310.04347826087	83	Honours	0	-7.32533295434848
610	100	4	0.804347826086957	8.8695652173913	0.679611650485437	12	3.25	8.75	1386.4347826087	71	Honours	0.0434782608695652	234.043693006603
611	86.9565217391304	24	0.58695652173913	17.6521739130435	0.689320388349515	14	6.25	45	1442.91304347826	71	Honours	0.106521739130435	-253.487781524072
612	95.6521739130435	3	0.956521739130435	8.43478260869565	0.932038834951456	11	4.75	85	1157.95652173913	95	Honours	0	187.110831601391
613	82.6086956521739	5	0.847826086956522	9.30434782608696	0.533980582524272	8	5.25	0	1909.04347826087	62	Honours	0	310.010701766119
614	95.6521739130435	7	0.869565217391304	10.1739130434783	0.485436893203884	12	5.75	3.75	1448.13043478261	68	Honours	0	422.22423587001
615	100	4	0.782608695652174	8.8695652173913	0.902912621359223	9	6.25	63.75	1450.60869565217	83	Honours	0.0454545454545455	360.198617696076
616	91.304347826087	9	0.673913043478261	11.0434782608696	0.776699029126214	10	5	51.25	1223.82608695652	67	Honours	0	0.880807767810381
617	100	26	0.41304347826087	18.7391304347826	0.485436893203884	10	6	97.5	1299.78260869565	57	Honours	-0.0869565217391304	-156.960963095964
618	100	2	1	8	0.932038834951456	10	5.75	35	1118.4347826087	85	Honours	0	163.645182211029
619	95.6521739130435	3	0.91304347826087	8.43478260869565	0.893203883495146	14	4.25	35	4005.04347826087	77	Honours	0	-165.456973945996
620	100	2	1	8	0.932038834951456	11	6.5	165	1678	93	Honours	0.0434782608695652	622.960364705364
622	100	12	0.717391304347826	12.3478260869565	0.815533980582524	10	5.5	68.75	2229.5652173913	76	Honours	-0.0434782608695652	370.232011202599
623	95.6521739130435	12	0.58695652173913	12.3913043478261	0.83495145631068	10	7	45	855.565217391304	76	Honours	-0.0434782608695652	358.515504034186
624	100	11	0.695652173913043	11.9130434782609	0.902912621359223	11	4.25	32.5	2769.86956521739	90	Honours	0.0476190476190476	NA
625	95.6521739130435	4	0.934782608695652	8.8695652173913	0.766990291262136	11	5.5	108.75	973	71	Honours	0.0454545454545455	1408.94859579586
626	95.6521739130435	5	0.91304347826087	9.30434782608696	0.737864077669903	10	5.25	68.5	1583.86956521739	71	Honours	0	164.609954576969
627	100	5	0.978260869565217	9.30434782608696	0.543689320388349	12	6.25	67.5	1252.26086956522	73	Honours	0	694.734211670727
628	100	14	0.565217391304348	13.3478260869565	0.699029126213592	11	5.75	93.75	1945.86956521739	57	Honours	-0.0434782608695652	-125.278915759128
629	95.6521739130435	4	0.869565217391304	8.8695652173913	0.728155339805825	10	4.5	22.5	2875.04347826087	51	Honours	0.0454545454545455	671.526023735471
630	100	3	0.934782608695652	8.43478260869565	0.679611650485437	12	5	23.5	1612.5652173913	75	Honours	0	325.964170311029
631	100	5	0.891304347826087	9.30434782608696	0.728155339805825	12	5	45	1338.91304347826	55	Honours	-0.0434782608695652	807.588048869442
